predicted >> actual
125.18992662746417 , 180.71826980413653  >>  124.90447998046875 , 180.67703247070312
161.41127936716936 , 181.2760435458582  >>  161.37887573242188 , 181.34425354003906
197.11926085374282 , 181.82591186762468  >>  197.11619567871094 , 181.68603515625
232.32470843159822 , 182.368041654041  >>  232.2377166748047 , 182.4113311767578
267.0381565393165 , 182.90259512525574  >>  266.82672119140625 , 182.90191650390625
301.2698472190552 , 183.4297299987958  >>  301.16119384765625 , 183.21136474609375
335.02974019142033 , 183.9495996447099  >>  334.96044921875 , 183.60626220703125
368.32752251661975 , 184.4623532343405  >>  368.0968933105469 , 184.49668884277344
401.1726178615822 , 184.9681358830289  >>  400.74169921875 , 185.33935546875
124.4579740098515 , 215.1945149606384  >>  124.4071044921875 , 215.31820678710938
160.9499195153348 , 215.50850954560423  >>  161.05352783203125 , 215.54617309570312
196.9208969895783 , 215.81802146628667  >>  197.04615783691406 , 215.79046630859375
232.3819835651597 , 216.12314603576365  >>  232.3699493408203 , 216.12603759765625
267.3439445466271 , 216.42397588399186  >>  267.3208923339844 , 216.33106994628906
301.8172443065027 , 216.72060105156143  >>  301.78106689453125 , 216.48635864257812
335.81205672757966 , 217.01310907954652  >>  335.78961181640625 , 216.73846435546875
369.3382752133989 , 217.30158509564018  >>  369.3921203613281 , 217.2567596435547
402.40552228759964 , 217.58611189675216  >>  402.4035949707031 , 217.556884765625
123.71513998129072 , 250.18329355505725  >>  123.87200164794922 , 250.3900604248047
160.4817506339109 , 250.24619912079396  >>  160.70794677734375 , 250.38864135742188
196.71962660122307 , 250.30820005175707  >>  196.87469482421875 , 250.45530700683594
232.4400919306564 , 250.36931572274338  >>  232.4523162841797 , 250.42893981933594
267.65414958846503 , 250.42956495919813  >>  267.60113525390625 , 250.46578979492188
302.3724927595186 , 250.4889660565484  >>  302.3705749511719 , 250.427490234375
336.60551567322057 , 250.54753679872564  >>  336.6064453125 , 250.45980834960938
370.36332397857825 , 250.6052944759166  >>  370.58538818359375 , 250.4248046875
403.6557446901788 , 250.66225590158066  >>  403.89434814453125 , 250.45712280273438
122.96118007551308 , 285.69612037511257  >>  123.16327667236328 , 285.9583740234375
160.00662086458246 , 285.5003800152319  >>  160.40499877929688 , 285.6964416503906
196.51538533549257 , 285.3074753407532  >>  196.71632385253906 , 285.5349426269531
232.49905184395774 , 285.11734517406694  >>  232.4799041748047 , 285.44903564453125
267.96886806558206 , 284.9299300848079  >>  267.900390625 , 285.3370666503906
302.93576271752704 , 284.7451723279208  >>  302.7962951660156 , 285.03656005859375
337.4103567850897 , 284.5630157843411  >>  337.4294738769531 , 284.7087097167969
371.40297427741626 , 284.38340590416396  >>  371.5527648925781 , 284.44268798828125
404.9236525352332 , 284.20628965218066  >>  405.3127746582031 , 284.32647705078125
122.19584244795516 , 321.7448577390757  >>  121.93033599853516 , 321.549072265625
159.52437379945374 , 321.2826575473004  >>  159.5922088623047 , 321.0187683105469
196.30810692529013 , 320.82720302258633  >>  196.53500366210938 , 320.55499267578125
232.55888216171468 , 320.378347558424  >>  232.65084838867188 , 320.3005065917969
268.2881992045191 , 319.93594876609865  >>  268.44525146484375 , 319.7391357421875
303.5072292716247 , 319.4998683240938  >>  303.5815734863281 , 319.4622497558594
338.2268267482464 , 319.06997183390126  >>  338.3924255371094 , 319.27581787109375
372.4575403401331 , 318.64612868192205  >>  372.70916748046875 , 318.64068603515625
406.20962375895783 , 318.2282119071608  >>  406.4609680175781 , 318.33929443359375
121.41886759528492 , 358.3417287065772  >>  120.8882827758789 , 358.3492431640625
159.0348483093847 , 357.6049873472651  >>  159.14712524414062 , 357.33441162109375
196.09772311792244 , 356.87907904318564  >>  196.25181579589844 , 356.59014892578125
232.61960230146644 , 356.1637666040704  >>  232.72434997558594 , 356.0762939453125
268.61224516191123 , 355.4588197138701  >>  268.5499267578125 , 355.4047546386719
304.0870726460404 , 354.7640146835118  >>  304.05743408203125 , 354.6130065917969
339.05517942814606 , 354.07913421424996  >>  338.8896789550781 , 354.0295715332031
373.52734547855783 , 353.403967171087  >>  373.3353576660156 , 353.4971923828125
407.51404714341936 , 352.7383083657666  >>  407.13568115234375 , 352.83685302734375
120.62998806203599 , 395.49933089665626  >>  120.0884017944336 , 395.67266845703125
158.5378783644953 , 394.4796886756871  >>  158.5404052734375 , 394.51953125
195.8841636001691 , 393.4751524453979  >>  195.98060607910156 , 393.41986083984375
232.6812322626513 , 392.4853889814646  >>  232.72642517089844 , 392.32281494140625
268.9411111334465 , 391.5100747888547  >>  268.8466491699219 , 391.4411926269531
304.6754783876334 , 390.5488957493126  >>  304.65753173828125 , 390.55206298828125
339.8956761338091 , 389.60154678406167  >>  339.9053955078125 , 389.562255859375
374.6127224166016 , 388.66773153096176  >>  374.5080871582031 , 388.69482421875
408.8373227084311 , 387.74716203540544  >>  408.63421630859375 , 387.9265441894531